测试平台 ------------------------------------------------------------------------
Architecture:        x86_64
CPU op-mode(s):      32-bit, 64-bit
Byte Order:          Little Endian
CPU(s):              4
Model name:          Intel(R) Xeon(R) Platinum 8269CY CPU @ 2.50GHz
Stepping:            7
Mem:                 8G
MSDB:   FASTDB 无盘模式

 单线程批量插入测试 （本地数据库接口） --------------------------------------------------------------------
 总条数          每次发送条数    发送线程数      延时ms          仅发送延迟      IPS
 100000                  1        1              854              231    117096.018735 
 100000                  3        1              473               83    211416.490486 
 100000                  5        1              303               68    330033.003300 
 100000                  7        1              237               56    421940.928270 
 100000                  9        1              197               36    507614.213198 
 100000                 11        1              189               44    529100.529101 
 100000                 13        1              132               31    757575.757576 
 100000                 15        1               83               26   1204819.277108 
 100000                 17        1               84               24   1190476.190476 
 100000                 19        1               86               32   1162790.697674 


 总条数          每次发送条数    发送线程数      延时ms          仅发送延迟      IPS
 100000                 1        1              838              233        119331.742243 
 100000                11        1              145               24        689655.172414 
 100000                21        1               89               21       1123595.505618 
 100000                31        1               71               11       1408450.704225 
 100000                41        1               73               16       1369863.013699 
 100000                51        1               63               14       1587301.587302 
 100000                61        1               45                8       2222222.222222 
 100000                71        1               41                7       2439024.390244 
 100000                81        1               39                5       2564102.564103 
 100000                91        1               38                4       2631578.947368 


  总条数          每次发送条数    发送线程数      延时ms          仅发送延迟      IPS
 500000                 1        1             6990             1649         71530.758226 
 500000                11        1              718              195        696378.830084 
 500000                21        1              464              174       1077586.206897 
 500000                31        1              346              149       1445086.705202 
 500000                41        1              334              145       1497005.988024 
 500000                51        1              300              107       1666666.666667 
 500000                61        1              298              106       1677852.348993 
 500000                71        1              302              112       1655629.139073 
 500000                81        1              338              152       1479289.940828 
 500000                91        1              268               95       1865671.641791


 总条数          每次发送条数    发送线程数      延时ms          仅发送延迟      IPS
 500000                 1        1             6978             1563         71653.768988 
 500000                51        1              262               59       1908396.946565 
 500000               101        1              214               45       2336448.598131 
 500000               151        1              224               41       2232142.857143 
 500000               201        1              226               49       2212389.380531 
 500000               251        1              189               32       2645502.645503 
 500000               301        1              184               17       2717391.304348 
 500000               351        1              180               31       2777777.777778 
 500000               401        1              236               67       2118644.067797 
 500000               451        1              161               22       3105590.062112 


  总条数          每次发送条数    发送线程数      延时ms          仅发送延迟      IPS
 1000000                1        1            14811             4061         67517.385727 
 1000000               51        1              569              162       1757469.244288 
 1000000              101        1              473              143       2114164.904863 
 1000000              151        1              443               99       2257336.343115 
 1000000              201        1              470              152       2127659.574468 
 1000000              251        1              450               93       2222222.222222 


------------------------------------------------------------------------------------------

// 每轮测试后先删除所有记录 （本地数据库）-----------------------------------------------------------------
 总条数          每次发送条数    发送线程数      延时ms          仅发送延迟      IPS
 1000000                1        1            14574             4005         68615.342391 
 1000000               51        1              513              220       1949317.738791 
 1000000              101        1             1102              768        907441.016334 
 1000000              151        1             7891             7321        126726.650615 
 1000000              201        1            52905            12302         18901.805122 
 1000000              251        1            13591            13052         73578.103157 
 1000000              301        1            13644            13083         73292.289651 
 1000000              351        1            53399            12810         18726.942452 
 1000000              401        1            13058            12524         76581.406035 
 1000000              451        1            12702            12174         78727.759408



//单进程 插入测试（本地数据库）------------------------------------------------------------------------

 总条数          每次发送条数    发送线程数      延时ms          仅发送延迟      IPS
 100000                 1        1              872              239        114678.899083 
  99999                 3        1              502              102        199203.187251 
 100000                 5        1              300               77        333333.333333 
  99995                 7        1              233               48        429184.549356 
  99999                 9        1              194               44        515463.917526 
  99990                11        1              181               45        552486.187845 
  99996                13        1              132               30        757575.757576 
  99990                15        1               83               38       1204819.277108 
  99994                17        1               88               25       1136363.636364 
  99997                19        1               98               40       1020408.163265 

查询数据 size=  999960

 //多进程 插入测试-（本地数据库）-----------------------------------------------------------------------

 <进程1>
 总条数          每次发送条数    发送线程数      延时ms          仅发送延迟      IPS
 100000                 1        1             2691              555         37160.906726 
  99999                 3        1             2343              446         42680.324370 
 100000                 5        1             1584              275         63131.313131 
  99995                 7        1             1174              209         85178.875639 
  99999                 9        1              915              174        109289.617486 
  99990                11        1              668              146        149700.598802 
  99996                13        1              537              119        186219.739292 
  99990                15        1              449               96        222717.149220 
  99994                17        1              471              120        212314.225053 
  99997                19        1              407               81        245700.245700 
查询数据 size= 1262279

 <进程2>
 总条数          每次发送条数    发送线程数      延时ms          仅发送延迟      IPS
 100000                 1        1             7330             1355         13642.564802 
  99999                 3        1             2477              486         40371.417037 
 100000                 5        1             1045              258         95693.779904 
  99995                 7        1              194               94        515463.917526 
  99999                 9        1              178               79        561797.752809 
  99990                11        1              157               63        636942.675159 
  99996                13        1              150               69        666666.666667 
  99990                15        1              142               40        704225.352113 
  99994                17        1              122               48        819672.131148 
  99997                19        1               99               50       1010101.010101 
查询数据 size= 1999920

-----------------------------------------------------------------------------------------




// posix 共享内存模式  
999960---0---0 --- size= 999960

 总条数          每次发送条数    发送线程数      延时ms          仅发送延迟      IPS
          100000        1        1             1565              952         63897.763578 
           99999        3        1              744              303        134408.602151 
          100000        5        1              472              213        211864.406780 
           99995        7        1              344              161        290697.674419 
           99999        9        1              295              150        338983.050847 
           99990       11        1              250              121        400000.000000 
           99996       13        1              204              101        490196.078431 
           99990       15        1              147              102        680272.108844 
           99994       17        1              139               82        719424.460432 
           99997       19        1              138               76        724637.681159 




//// --------------------------  CLI 接口测试 ---------------------------------------



// cli insert  一个客户端插入数据   

 总条数          每次发送条数    发送线程数      延时ms          仅发送延迟      IPS（条/秒）
 50000            1              1                                              4000

// cli select   一个客户端读取数据   

 总条数          每次发送条数    发送线程数      延时ms          仅发送延迟      IPS（条/秒）
 50000            1              1                                              8000




//cli multy insert mode     一个客户端插入数据 

 总条数          每次发送条数    发送线程数      延时ms          仅发送延迟      IPS
  50000            50000            1             49                          1020408.163265
  1000000          100              1             3096                        322997.416021
  600000           60               1             2797                        214515.552378
  50000            20               1             629                         79491.255962
  20000            1                1             4309                        4641.448132

// 测试批量发送且在服务端过滤主键相同数据并更新的接口性能
cli_insert_multy_with_filter () 接口测试

情景1： 本地数据库服务， 批量发送数据，发送一批新的记录后， 在发送一批已存在的记录

 Local mode , IP: 127.0.0.1:6100
 IPS:  333333.333333      totle_insert_count:1000     record_num:20  
 IPS:  142857.142857      totle_insert_count:1000     record_num:50  
 IPS:  500000.000000      totle_insert_count:1000     record_num:100  
 IPS:  333333.333333      totle_insert_count:1000     record_num:200  
 IPS:  500000.000000      totle_insert_count:1000     record_num:500  
 IPS:  333333.333333      totle_insert_count:1000     record_num:1000  

情景2： 本地数据库服务， 批量发送数据，每一批数据中都是新记录和已存在的记录交替穿插 
 Local mode , IP: 127.0.0.1:6100
 IPS:  251889.168766      totle_insert_count:100000     record_num:20  
 IPS:  364963.503650      totle_insert_count:100000     record_num:50  
 IPS:  362318.840580      totle_insert_count:100000     record_num:100  
 IPS:  425531.914894      totle_insert_count:100000     record_num:200  
 IPS:  400000.000000      totle_insert_count:100000     record_num:500  
 IPS:  434782.608696      totle_insert_count:100000     record_num:1000 

情景2： 远程数据库服务， 批量发送数据，每一批数据中都是新记录和已存在的记录交替穿插 
 CLI mode , IP: 192.168.5.191:6100
 IPS:  70521.861777      totle_insert_count:100000     record_num:20  
 IPS:  140449.438202      totle_insert_count:100000     record_num:50  
 IPS:  194552.529183      totle_insert_count:100000     record_num:100  
 IPS:  270270.270270      totle_insert_count:100000     record_num:200  
 IPS:  344827.586207      totle_insert_count:100000     record_num:500  
 IPS:  373134.328358      totle_insert_count:100000     record_num:1000 


      









